53491
25105
50346
8364
76000
30121
14564
14436
98034
14960
59782
2737
40965
43510
68995
27749
20799
1200
10009
29520
93283
49918
250
36610
29193
70760
68196
33605
52296
72127
31014
47296
28743
7140
40944
11201
31184
14025
13956
26784
13478
65823
43424
51558
22561
91708
18783
9189
42945
11160
14607
34789
16220
4383
89029
39770
3110
27634
32117
4960
58767
70460
34596
88120
73424
43389
5207
62553
89927
79232
51051
87205
47309
28900
49390
45475
15280
33526
81712
79868
78334
58699
71225
92729
194
83713
63520
79455
49350
49027
16786
9906
94727
78478
22732
76203
86839
9313
62324
80622
24245
82730
11426
46022
67759
70367
50635
93053
5549
38055
866
43313
91134
77181
1658
75711
73251
66084
72709
84477
11661
59223
50805
61579
26183
40184
74093
53733
57608
16122
93559
24783
28592
75861
27615
87904
80252
81626
39835
58899
25893
15251
12207
21802
7141
53732
6628
91075
59751
6103
55941
858
96427
3873
2470
51078
92239
648
6761
92630
14551
3056
82201
39431
73860
24727
72171
53842
84537
27836
75577
63754
15184
92586
43891
34581
77168
34027
18223
37481
46872
67721
48496
26300
42295
11029
38459
60064
77848
95164
90045
85272
2565
54670
78498
22828
86388
55602
75736
88121
56816
21449
53553
9597
3895
16716
40584
1089
65416
52073
77339
86255
76114
82138
12145
69663
14803
77177
7524
98357
11567
63412
81296
60215
83502
43121
89603
20949
51964
25342
70106
10290
56872
20747
2748
29739
24355
80136
12779
69180
62858
84998
36121
87736
59802
30720
90723
35430
26013
78278
49184
66531
88312
88619
87729
22917
62052
95453
94514
46334
44826
16797
56296
12138
60200
53375
6637
63920
46005
72844
11112
68346
25617
32832
85404
2623
22591
52901
90694
33187
79135
5795
27414
43519
17110
61716
53230
21461
36614
85878
84013
21930
81672
59217
97610
79664
15135
64877
49370
58410
35646
58997
25678
87941
38342
23294
7155
58326
67970
79101
86717
12091
38160
27737
89339
99202
93852
70503
70183
37274
75183
53070
25613
49944
657
73666
37703
40052
24980
92231
86966
91103
42700
78574
10349
80399
2592
41579
51916
30309
69763
88630
52210
20344
22486
74685
48922
32012
99052
13804
16278
857
16226
42440
53494
5686
65401
43430
43651
33641
55135
62384
43508
21619
9458
74036
32089
89464
50211
85139
41241
48441
88637
92602
14923
89668
26547
50835
95658
31528
20594
40630
16330
32500
94557
73427
83447
56421
93994
9428
74014
10901
65228
15788
32327
66396
6338
41986
45272
3406
81705
43472
95142
28344
13605
41844
37496
44773
64446
70030
28266
66076
1491
14340
29100
8008
92222
31784
52815
5212
12997
90622
71907
54403
66240
54935
2199
98792
92136
9826
90995
33246
29629
2904
84529
27737
28526
59806
23031
37834
39577
16793
13378
95320
12637
1799
59103
49426
14376
86859
85433
59774
36446
29427
83062
25792
2639
17890
8537
74183
99282
37424
21398
15981
46956
76378
8651
27788
3616
471
45660
7960
39261
32366
69233
7868
50562
87538
93432
40757
90159
33883
81573
26315
69857
62122
98898
37761
59504
76830
9578
80056
44093
43767
48980
42803
20465
58235
97535
39459
11944
31265
6103
65669
54370
25744
74364
83865
60182
12917
63570
68687
98579
61255
32882
28387
39233
14258
24582
51022
94657
61575
87577
11112
62027
58626
20911
12323
9111
4002
39432
34854
70941
40968
12243
2362
23957
9708
1296
82590
82561
40283
32207
88309
19387
42825
62324
50733
45059
21072
72104
96280
95791
8126
94998
69360
67937
99213
18357
8794
7412
35176
33256
3567
8904
72624
84690
24791
4888
61862
75232
55058
27655
42128
5058
13843
8960
55185
89122
8135
41317
72892
78333
21205
62600
32201
25706
89218
41325
71843
80786
5334
33822
69009
66027
34031
56497
81450
87345
14536
66464
10668
57746
81612
72073
15255
67678
34360
1177
19944
18701
39263
39481
85551
48094
62405
13903
27766
11159
87605
36594
98595
55294
92149
44115
73295
15307
19863
63257
17748
82968
12476
10060
46483
55476
34525
81830
19934
47279
54505
33298
71023
57626
25519
37526
95797
22226
42397
19782
90573
41596
39046
18306
68968
70914
29754
69758
46151
76648
91213
39097
34813
13745
28261
13742
57590
53812
65596
60096
44060
99548
60218
96844
46936
53545
34887
73930
81701
70652
91583
58701
66697
12232
75765
21433
16548
37937
27194
81296
20808
16033
71112
20811
21845
6854
74787
1908
91236
75591
18747
19957
92321
20458
9458
13476
8075
60132
90783
6678
8069
10447
95219
99643
26066
94449
12782
36610
20661
72226
45274
76726
95392
47311
56820
63577
61859
5030
27666
39905
39666
64787
67622
82163
349
83091
47928
35874
78995
27025
65896
17266
96852
48899
65392
9233
61002
31985
98013
20392
33037
44535
24773
94879
87707
34645
26171
57460
14594
22134
9698
53669
51160
95201
78185
97886
73886
99451
49792
73614
15700
14772
1044
39707
22555
51581
37987
83870
9750
62128
87368
30505
29470
54822
39673
53796
15029
19951
68924
68918
24423
23718
349
74346
66066
4155
96316
96471
52944
7281
83402
44049
97928
34768
49014
14529
32647
35416
94664
6856
5020
61906
44847
86103
86478
31568
75376
14112
98880
75340
43109
7305
53265
32591
70217
7925
77837
51181
60408
58192
961
81877
2020
48187
46437
14197
43415
67786
92975
86742
9829
30523
47517
19278
67639
53018
82962
56092
31933
67428
94823
80556
56376
16374
38494
59386
40509
29864
19063
1714
38968
12004
18966
72911
59539
71570
65288
85978
92523
15058
58167
4378
22609
83364
4476
29328
36216
54016
26868
11868
52261
49697
47239
25424
72339
90782
75849
58126
67512
4723
72511
35783
93213
58299
84736
66239
51207
10153
9131
3700
98130
90455
67049
67693
33820
2161
33203
15453
89437
4053
6843
58841
75370
79596
69120
37286
41928
17595
27344
6791
52067
30787
7156
81702
64666
16658
16958
70723
79349
21183
75492
81567
99391
623
63053
29669
27943
89112
29601
75556
24641
70525
68904
32745
14582
21910
46847
33444
59735
42789
54180
12884
74039
9701
39216
74762
87755
98606
64387
30048
44093
99078
22056
59340
41671
3744
39625
34971
20097
93965
1714
53239
22746
58525
18086
69417
60758
75911
69979
98601
45362
62754
74653
43997
51791
41096
18193
40922
27412
5366
20009
59534
59086
76306
8952
92276
70394
13546
10637
63011
28010
